(kicad_pcb (version 20171130) (host pcbnew "(5.1.7)-1")

  (general
    (thickness 1.6)
    (drawings 216)
    (tracks 0)
    (zones 0)
    (modules 76)
    (nets 57)
  )

  (page A4)
  (layers
    (0 F.Cu signal)
    (31 B.Cu signal)
    (32 B.Adhes user)
    (33 F.Adhes user)
    (34 B.Paste user)
    (35 F.Paste user)
    (36 B.SilkS user)
    (37 F.SilkS user)
    (38 B.Mask user)
    (39 F.Mask user)
    (40 Dwgs.User user)
    (41 Cmts.User user)
    (42 Eco1.User user)
    (43 Eco2.User user)
    (44 Edge.Cuts user)
    (45 Margin user)
    (46 B.CrtYd user)
    (47 F.CrtYd user)
    (48 B.Fab user)
    (49 F.Fab user)
  )

  (setup
    (last_trace_width 0.25)
    (trace_clearance 0.2)
    (zone_clearance 0.508)
    (zone_45_only no)
    (trace_min 0.2)
    (via_size 0.8)
    (via_drill 0.4)
    (via_min_size 0.4)
    (via_min_drill 0.3)
    (uvia_size 0.3)
    (uvia_drill 0.1)
    (uvias_allowed no)
    (uvia_min_size 0.2)
    (uvia_min_drill 0.1)
    (edge_width 0.05)
    (segment_width 0.2)
    (pcb_text_width 0.3)
    (pcb_text_size 1.5 1.5)
    (mod_edge_width 0.12)
    (mod_text_size 1 1)
    (mod_text_width 0.15)
    (pad_size 1.524 1.524)
    (pad_drill 0.762)
    (pad_to_mask_clearance 0)
    (aux_axis_origin 0 0)
    (grid_origin 46.25 31.7)
    (visible_elements 7FFFFFFF)
    (pcbplotparams
      (layerselection 0x010fc_ffffffff)
      (usegerberextensions false)
      (usegerberattributes true)
      (usegerberadvancedattributes true)
      (creategerberjobfile true)
      (excludeedgelayer true)
      (linewidth 0.100000)
      (plotframeref false)
      (viasonmask false)
      (mode 1)
      (useauxorigin false)
      (hpglpennumber 1)
      (hpglpenspeed 20)
      (hpglpendiameter 15.000000)
      (psnegative false)
      (psa4output false)
      (plotreference true)
      (plotvalue true)
      (plotinvisibletext false)
      (padsonsilk false)
      (subtractmaskfromsilk false)
      (outputformat 1)
      (mirror false)
      (drillshape 1)
      (scaleselection 1)
      (outputdirectory ""))
  )

  (net 0 "")
  (net 1 row0)
  (net 2 "Net-(D1-Pad2)")
  (net 3 "Net-(D2-Pad2)")
  (net 4 "Net-(D3-Pad2)")
  (net 5 "Net-(D4-Pad2)")
  (net 6 "Net-(D5-Pad2)")
  (net 7 "Net-(D6-Pad2)")
  (net 8 "Net-(D7-Pad2)")
  (net 9 row1)
  (net 10 "Net-(D8-Pad2)")
  (net 11 "Net-(D9-Pad2)")
  (net 12 "Net-(D10-Pad2)")
  (net 13 "Net-(D11-Pad2)")
  (net 14 "Net-(D12-Pad2)")
  (net 15 row2)
  (net 16 "Net-(D13-Pad2)")
  (net 17 "Net-(D14-Pad2)")
  (net 18 "Net-(D15-Pad2)")
  (net 19 "Net-(D16-Pad2)")
  (net 20 "Net-(D17-Pad2)")
  (net 21 "Net-(D18-Pad2)")
  (net 22 row3)
  (net 23 "Net-(D19-Pad2)")
  (net 24 "Net-(D20-Pad2)")
  (net 25 "Net-(D21-Pad2)")
  (net 26 "Net-(D22-Pad2)")
  (net 27 "Net-(D23-Pad2)")
  (net 28 "Net-(D24-Pad2)")
  (net 29 "Net-(D25-Pad2)")
  (net 30 row4)
  (net 31 "Net-(D26-Pad2)")
  (net 32 "Net-(D27-Pad2)")
  (net 33 "Net-(D28-Pad2)")
  (net 34 "Net-(D29-Pad2)")
  (net 35 "Net-(D30-Pad2)")
  (net 36 "Net-(D31-Pad2)")
  (net 37 "Net-(D32-Pad2)")
  (net 38 "Net-(D33-Pad2)")
  (net 39 data)
  (net 40 GND)
  (net 41 VCC)
  (net 42 "Net-(J1-PadA)")
  (net 43 led)
  (net 44 reset)
  (net 45 col0)
  (net 46 col1)
  (net 47 col2)
  (net 48 col3)
  (net 49 col4)
  (net 50 col5)
  (net 51 col6)
  (net 52 col7)
  (net 53 "Net-(U1-Pad13)")
  (net 54 "Net-(U1-Pad19)")
  (net 55 "Net-(U1-Pad20)")
  (net 56 "Net-(U1-Pad24)")

  (net_class Default "This is the default net class."
    (clearance 0.2)
    (trace_width 0.25)
    (via_dia 0.8)
    (via_drill 0.4)
    (uvia_dia 0.3)
    (uvia_drill 0.1)
    (add_net GND)
    (add_net "Net-(D1-Pad2)")
    (add_net "Net-(D10-Pad2)")
    (add_net "Net-(D11-Pad2)")
    (add_net "Net-(D12-Pad2)")
    (add_net "Net-(D13-Pad2)")
    (add_net "Net-(D14-Pad2)")
    (add_net "Net-(D15-Pad2)")
    (add_net "Net-(D16-Pad2)")
    (add_net "Net-(D17-Pad2)")
    (add_net "Net-(D18-Pad2)")
    (add_net "Net-(D19-Pad2)")
    (add_net "Net-(D2-Pad2)")
    (add_net "Net-(D20-Pad2)")
    (add_net "Net-(D21-Pad2)")
    (add_net "Net-(D22-Pad2)")
    (add_net "Net-(D23-Pad2)")
    (add_net "Net-(D24-Pad2)")
    (add_net "Net-(D25-Pad2)")
    (add_net "Net-(D26-Pad2)")
    (add_net "Net-(D27-Pad2)")
    (add_net "Net-(D28-Pad2)")
    (add_net "Net-(D29-Pad2)")
    (add_net "Net-(D3-Pad2)")
    (add_net "Net-(D30-Pad2)")
    (add_net "Net-(D31-Pad2)")
    (add_net "Net-(D32-Pad2)")
    (add_net "Net-(D33-Pad2)")
    (add_net "Net-(D4-Pad2)")
    (add_net "Net-(D5-Pad2)")
    (add_net "Net-(D6-Pad2)")
    (add_net "Net-(D7-Pad2)")
    (add_net "Net-(D8-Pad2)")
    (add_net "Net-(D9-Pad2)")
    (add_net "Net-(J1-PadA)")
    (add_net "Net-(U1-Pad13)")
    (add_net "Net-(U1-Pad19)")
    (add_net "Net-(U1-Pad20)")
    (add_net "Net-(U1-Pad24)")
    (add_net VCC)
    (add_net col0)
    (add_net col1)
    (add_net col2)
    (add_net col3)
    (add_net col4)
    (add_net col5)
    (add_net col6)
    (add_net col7)
    (add_net data)
    (add_net led)
    (add_net reset)
    (add_net row0)
    (add_net row1)
    (add_net row2)
    (add_net row3)
    (add_net row4)
  )

  (module kbd:ProMicro_v3 (layer F.Cu) (tedit 5F5DB9D6) (tstamp 5FA1C2AC)
    (at 162.93125 41.225)
    (path /5FA0C45B)
    (fp_text reference U1 (at 0 -5 270) (layer F.SilkS) hide
      (effects (font (size 1 1) (thickness 0.15)))
    )
    (fp_text value ProMicro (at -0.1 0.05 90) (layer F.Fab) hide
      (effects (font (size 1 1) (thickness 0.15)))
    )
    (fp_text user RAW (at -4.995 -14.5 unlocked) (layer F.SilkS)
      (effects (font (size 0.75 0.67) (thickness 0.125)))
    )
    (fp_text user GND (at -4.995 -11.95 unlocked) (layer F.SilkS)
      (effects (font (size 0.75 0.67) (thickness 0.125)))
    )
    (fp_text user RST (at -4.995 -9.4 unlocked) (layer F.SilkS)
      (effects (font (size 0.75 0.67) (thickness 0.125)))
    )
    (fp_text user VCC (at -4.995 -6.95 unlocked) (layer F.SilkS)
      (effects (font (size 0.75 0.67) (thickness 0.125)))
    )
    (fp_text user A3/F4 (at -4.395 -4.25 unlocked) (layer F.SilkS)
      (effects (font (size 0.75 0.67) (thickness 0.125)))
    )
    (fp_text user A2/F5 (at -4.395 -1.75 unlocked) (layer F.SilkS)
      (effects (font (size 0.75 0.67) (thickness 0.125)))
    )
    (fp_text user A1/F6 (at -4.395 0.75 unlocked) (layer F.SilkS)
      (effects (font (size 0.75 0.67) (thickness 0.125)))
    )
    (fp_text user A0/F7 (at -4.395 3.3 unlocked) (layer F.SilkS)
      (effects (font (size 0.75 0.67) (thickness 0.125)))
    )
    (fp_text user 15/B1 (at -4.395 5.85 unlocked) (layer F.SilkS)
      (effects (font (size 0.75 0.67) (thickness 0.125)))
    )
    (fp_text user 14/B3 (at -4.395 8.4 unlocked) (layer F.SilkS)
      (effects (font (size 0.75 0.67) (thickness 0.125)))
    )
    (fp_text user 10/B6 (at -4.395 13.45 unlocked) (layer F.SilkS)
      (effects (font (size 0.75 0.67) (thickness 0.125)))
    )
    (fp_text user 16/B2 (at -4.395 10.95 unlocked) (layer F.SilkS)
      (effects (font (size 0.75 0.67) (thickness 0.125)))
    )
    (fp_text user E6/7 (at 4.705 8.25 unlocked) (layer F.SilkS)
      (effects (font (size 0.75 0.67) (thickness 0.125)))
    )
    (fp_text user D7/6 (at 4.705 5.7 unlocked) (layer F.SilkS)
      (effects (font (size 0.75 0.67) (thickness 0.125)))
    )
    (fp_text user GND (at 4.955 -9.35 unlocked) (layer F.SilkS)
      (effects (font (size 0.75 0.67) (thickness 0.125)))
    )
    (fp_text user GND (at 4.955 -6.9 unlocked) (layer F.SilkS)
      (effects (font (size 0.75 0.67) (thickness 0.125)))
    )
    (fp_text user D3/TX0 (at 4.155 -14.45 unlocked) (layer F.SilkS)
      (effects (font (size 0.75 0.67) (thickness 0.125)))
    )
    (fp_text user D4/4 (at 4.705 0.6 unlocked) (layer F.SilkS)
      (effects (font (size 0.75 0.67) (thickness 0.125)))
    )
    (fp_text user SDA/D1/2 (at 3.455 -4.4 unlocked) (layer F.SilkS)
      (effects (font (size 0.75 0.67) (thickness 0.125)))
    )
    (fp_text user SCL/D0/3 (at 3.455 -1.9 unlocked) (layer F.SilkS)
      (effects (font (size 0.75 0.67) (thickness 0.125)))
    )
    (fp_text user C6/5 (at 4.705 3.15 unlocked) (layer F.SilkS)
      (effects (font (size 0.75 0.67) (thickness 0.125)))
    )
    (fp_text user B5/9 (at 4.705 13.3 unlocked) (layer F.SilkS)
      (effects (font (size 0.75 0.67) (thickness 0.125)))
    )
    (fp_text user D2/RX1 (at 4.155 -11.9 unlocked) (layer F.SilkS)
      (effects (font (size 0.75 0.67) (thickness 0.125)))
    )
    (fp_text user B4/8 (at 4.705 10.8 unlocked) (layer F.SilkS)
      (effects (font (size 0.75 0.67) (thickness 0.125)))
    )
    (fp_text user MicroUSB (at -0.05 -18.95) (layer F.SilkS)
      (effects (font (size 0.75 0.75) (thickness 0.12)))
    )
    (fp_text user MicroUSB (at -0.05 -18.95) (layer F.SilkS)
      (effects (font (size 0.75 0.75) (thickness 0.12)))
    )
    (fp_line (start -0.15 -20.4) (end 0.15 -20.4) (layer F.SilkS) (width 0.15))
    (fp_line (start -0.25 -20.55) (end 0.25 -20.55) (layer F.SilkS) (width 0.15))
    (fp_line (start -0.35 -20.7) (end 0.35 -20.7) (layer F.SilkS) (width 0.15))
    (fp_line (start 0 -20.2) (end -0.5 -20.85) (layer F.SilkS) (width 0.15))
    (fp_line (start 0.5 -20.85) (end 0 -20.2) (layer F.SilkS) (width 0.15))
    (fp_line (start -0.5 -20.85) (end 0.5 -20.85) (layer F.SilkS) (width 0.15))
    (fp_line (start 3.75 -21.2) (end -3.75 -21.2) (layer F.SilkS) (width 0.15))
    (fp_line (start 3.75 -19.9) (end 3.75 -21.2) (layer F.SilkS) (width 0.15))
    (fp_line (start -3.75 -19.9) (end 3.75 -19.9) (layer F.SilkS) (width 0.15))
    (fp_line (start -3.75 -21.2) (end -3.75 -19.9) (layer F.SilkS) (width 0.15))
    (fp_line (start 3.76 -18.3) (end 8.9 -18.3) (layer F.Fab) (width 0.15))
    (fp_line (start -3.75 -18.3) (end 3.75 -18.3) (layer F.Fab) (width 0.15))
    (fp_line (start -3.75 -19.6) (end -3.75 -18.299039) (layer F.Fab) (width 0.15))
    (fp_line (start 3.75 -19.6) (end 3.75 -18.3) (layer F.Fab) (width 0.15))
    (fp_line (start -3.75 -19.6) (end 3.75 -19.6) (layer F.Fab) (width 0.15))
    (fp_line (start -8.9 -18.3) (end -3.75 -18.3) (layer F.Fab) (width 0.15))
    (fp_line (start 8.9 -18.3) (end 8.9 14.75) (layer F.Fab) (width 0.15))
    (fp_line (start 8.9 14.75) (end -8.9 14.75) (layer F.Fab) (width 0.15))
    (fp_line (start -8.9 14.75) (end -8.9 -18.3) (layer F.Fab) (width 0.15))
    (fp_line (start -8.75 -15.6) (end -8.75 -14.75) (layer F.SilkS) (width 0.15))
    (fp_line (start 8.75 -15.6) (end 8.75 -14.75) (layer F.SilkS) (width 0.15))
    (fp_line (start -8.75 -15.6) (end -7.9 -15.6) (layer F.SilkS) (width 0.15))
    (fp_line (start 8.75 -15.6) (end 7.95 -15.6) (layer F.SilkS) (width 0.15))
    (fp_line (start -8.75 13.7) (end -8.75 14.6) (layer F.SilkS) (width 0.15))
    (fp_line (start 8.75 13.75) (end 8.75 14.6) (layer F.SilkS) (width 0.15))
    (fp_line (start -8.75 14.6) (end -7.9 14.6) (layer F.SilkS) (width 0.15))
    (fp_line (start 8.75 14.6) (end 7.89 14.6) (layer F.SilkS) (width 0.15))
    (pad 24 thru_hole circle (at -7.6086 -14.478) (size 1.524 1.524) (drill 0.8128) (layers *.Cu B.Mask)
      (net 56 "Net-(U1-Pad24)"))
    (pad 23 thru_hole circle (at -7.6086 -11.938) (size 1.524 1.524) (drill 0.8128) (layers *.Cu B.Mask)
      (net 40 GND))
    (pad 22 thru_hole circle (at -7.6086 -9.398) (size 1.524 1.524) (drill 0.8128) (layers *.Cu B.Mask)
      (net 44 reset))
    (pad 21 thru_hole circle (at -7.6086 -6.858) (size 1.524 1.524) (drill 0.8128) (layers *.Cu B.Mask)
      (net 41 VCC))
    (pad 20 thru_hole circle (at -7.6086 -4.318) (size 1.524 1.524) (drill 0.8128) (layers *.Cu B.Mask)
      (net 55 "Net-(U1-Pad20)"))
    (pad 19 thru_hole circle (at -7.6086 -1.778) (size 1.524 1.524) (drill 0.8128) (layers *.Cu B.Mask)
      (net 54 "Net-(U1-Pad19)"))
    (pad 18 thru_hole circle (at -7.6086 0.762) (size 1.524 1.524) (drill 0.8128) (layers *.Cu B.Mask)
      (net 1 row0))
    (pad 17 thru_hole circle (at -7.6086 3.302) (size 1.524 1.524) (drill 0.8128) (layers *.Cu B.Mask)
      (net 9 row1))
    (pad 16 thru_hole circle (at -7.6086 5.842) (size 1.524 1.524) (drill 0.8128) (layers *.Cu B.Mask)
      (net 15 row2))
    (pad 15 thru_hole circle (at -7.6086 8.382) (size 1.524 1.524) (drill 0.8128) (layers *.Cu B.Mask)
      (net 22 row3))
    (pad 14 thru_hole circle (at -7.6086 10.922) (size 1.524 1.524) (drill 0.8128) (layers *.Cu B.Mask)
      (net 30 row4))
    (pad 13 thru_hole circle (at -7.6086 13.462) (size 1.524 1.524) (drill 0.8128) (layers *.Cu B.Mask)
      (net 53 "Net-(U1-Pad13)"))
    (pad 12 thru_hole circle (at 7.6114 13.462) (size 1.524 1.524) (drill 0.8128) (layers *.Cu B.Mask)
      (net 52 col7))
    (pad 11 thru_hole circle (at 7.6114 10.922) (size 1.524 1.524) (drill 0.8128) (layers *.Cu B.Mask)
      (net 51 col6))
    (pad 10 thru_hole circle (at 7.6114 8.382) (size 1.524 1.524) (drill 0.8128) (layers *.Cu B.Mask)
      (net 50 col5))
    (pad 9 thru_hole circle (at 7.6114 5.842) (size 1.524 1.524) (drill 0.8128) (layers *.Cu B.Mask)
      (net 49 col4))
    (pad 8 thru_hole circle (at 7.6114 3.302) (size 1.524 1.524) (drill 0.8128) (layers *.Cu B.Mask)
      (net 48 col3))
    (pad 7 thru_hole circle (at 7.6114 0.762) (size 1.524 1.524) (drill 0.8128) (layers *.Cu B.Mask)
      (net 47 col2))
    (pad 6 thru_hole circle (at 7.6114 -1.778) (size 1.524 1.524) (drill 0.8128) (layers *.Cu B.Mask)
      (net 46 col1))
    (pad 5 thru_hole circle (at 7.6114 -4.318) (size 1.524 1.524) (drill 0.8128) (layers *.Cu B.Mask)
      (net 45 col0))
    (pad 4 thru_hole circle (at 7.6114 -6.858) (size 1.524 1.524) (drill 0.8128) (layers *.Cu B.Mask)
      (net 40 GND))
    (pad 3 thru_hole circle (at 7.6114 -9.398) (size 1.524 1.524) (drill 0.8128) (layers *.Cu B.Mask)
      (net 40 GND))
    (pad 2 thru_hole circle (at 7.6114 -11.938) (size 1.524 1.524) (drill 0.8128) (layers *.Cu B.Mask)
      (net 39 data))
    (pad 1 thru_hole circle (at 7.6114 -14.478) (size 1.524 1.524) (drill 0.8128) (layers *.Cu B.Mask)
      (net 43 led))
    (model /Users/foostan/src/github.com/foostan/kbd/kicad-packages3D/kbd.3dshapes/ProMicro.step
      (offset (xyz 0 1.8 2.5))
      (scale (xyz 1 1 1))
      (rotate (xyz 0 180 0))
    )
  )

  (module kbd:D3_TH (layer F.Cu) (tedit 5F43EB01) (tstamp 5FA1BB86)
    (at 141.5004 23.36559)
    (descr "Resitance 3 pas")
    (tags R)
    (path /5FA26F88)
    (autoplace_cost180 10)
    (fp_text reference D6 (at 0.55 0 180) (layer F.Fab) hide
      (effects (font (size 0.5 0.5) (thickness 0.125)))
    )
    (fp_text value D (at -0.55 0 180) (layer F.Fab) hide
      (effects (font (size 0.5 0.5) (thickness 0.125)))
    )
    (fp_line (start -0.5 -0.5) (end -0.5 0.5) (layer F.SilkS) (width 0.15))
    (fp_line (start 0.5 0.5) (end -0.4 0) (layer F.SilkS) (width 0.15))
    (fp_line (start 0.5 -0.5) (end 0.5 0.5) (layer F.SilkS) (width 0.15))
    (fp_line (start -0.4 0) (end 0.5 -0.5) (layer F.SilkS) (width 0.15))
    (pad 2 smd rect (at 1.775 0 180) (size 1.4 1) (layers F.Cu F.Paste F.Mask)
      (net 7 "Net-(D6-Pad2)"))
    (pad 1 smd rect (at -1.775 0 180) (size 1.4 1) (layers F.Cu F.Paste F.Mask)
      (net 1 row0))
    (pad 2 thru_hole oval (at 3 0) (size 1.778 1.397) (drill 0.8128) (layers *.Cu B.Mask)
      (net 7 "Net-(D6-Pad2)"))
    (pad 1 thru_hole rect (at -3 0) (size 1.778 1.397) (drill 0.8128) (layers *.Cu B.Mask)
      (net 1 row0))
    (model Diodes_SMD.3dshapes/SMB_Handsoldering.wrl
      (at (xyz 0 0 0))
      (scale (xyz 0.22 0.15 0.15))
      (rotate (xyz 0 0 180))
    )
    (model ${KIGITHUB3D}/Diode_THT.3dshapes/D_DO-35_SOD27_P7.62mm_Horizontal.step
      (offset (xyz -3 0 -0.5))
      (scale (xyz 0.8 0.8 0.8))
      (rotate (xyz 0 0 0))
    )
  )

  (module kbd:CherryMX_Hotswap (layer F.Cu) (tedit 5F70BC32) (tstamp 5FA1BFE4)
    (at 141.5 69.8)
    (path /5FA21D7D)
    (fp_text reference SW19 (at 7.1 8.2) (layer F.SilkS) hide
      (effects (font (size 1 1) (thickness 0.15)))
    )
    (fp_text value SW_PUSH (at -4.8 8.3) (layer F.Fab) hide
      (effects (font (size 1 1) (thickness 0.15)))
    )
    (fp_line (start -7 7) (end -6 7) (layer Dwgs.User) (width 0.15))
    (fp_line (start 7 -7) (end 7 -6) (layer Dwgs.User) (width 0.15))
    (fp_line (start -7 -7) (end -6 -7) (layer Dwgs.User) (width 0.15))
    (fp_line (start 7 7) (end 7 6) (layer Dwgs.User) (width 0.15))
    (fp_line (start 6 7) (end 7 7) (layer Dwgs.User) (width 0.15))
    (fp_line (start -7 6) (end -7 7) (layer Dwgs.User) (width 0.15))
    (fp_line (start 7 -7) (end 6 -7) (layer Dwgs.User) (width 0.15))
    (fp_line (start -7 -6) (end -7 -7) (layer Dwgs.User) (width 0.15))
    (fp_line (start -9.525 9.525) (end -9.525 -9.525) (layer Dwgs.User) (width 0.15))
    (fp_line (start 9.525 9.525) (end -9.525 9.525) (layer Dwgs.User) (width 0.15))
    (fp_line (start 9.525 -9.525) (end 9.525 9.525) (layer Dwgs.User) (width 0.15))
    (fp_line (start -9.525 -9.525) (end 9.525 -9.525) (layer Dwgs.User) (width 0.15))
    (fp_line (start -5.8 -4.05) (end -5.8 -4.7) (layer B.SilkS) (width 0.3))
    (fp_line (start -5.3 -1.6) (end -5.3 -3.399999) (layer B.SilkS) (width 0.8))
    (fp_line (start -4.17 -5.1) (end -4.17 -2.86) (layer B.SilkS) (width 3))
    (fp_line (start 4.2 -3.25) (end 2.9 -3.3) (layer B.SilkS) (width 0.5))
    (fp_line (start 3.9 -6) (end 3.9 -3.5) (layer B.SilkS) (width 1))
    (fp_line (start 2.6 -4.8) (end -4.1 -4.8) (layer B.SilkS) (width 3.5))
    (fp_line (start 4.4 -3) (end 4.4 -6.6) (layer B.SilkS) (width 0.15))
    (fp_line (start 4.38 -4) (end 4.38 -6.25) (layer B.SilkS) (width 0.15))
    (fp_line (start -5.9 -3.95) (end -5.7 -3.95) (layer B.SilkS) (width 0.15))
    (fp_line (start -5.65 -5.55) (end -5.65 -1.1) (layer B.SilkS) (width 0.15))
    (fp_line (start -5.9 -4.7) (end -5.9 -3.95) (layer B.SilkS) (width 0.15))
    (fp_line (start -5.65 -1.1) (end -2.62 -1.1) (layer B.SilkS) (width 0.15))
    (fp_line (start -0.4 -3) (end 4.4 -3) (layer B.SilkS) (width 0.15))
    (fp_line (start 4.4 -6.6) (end -3.800001 -6.6) (layer B.SilkS) (width 0.15))
    (fp_line (start -5.45 -1.3) (end -3 -1.3) (layer B.SilkS) (width 0.5))
    (fp_line (start 4.25 -6.4) (end 3 -6.4) (layer B.SilkS) (width 0.4))
    (fp_arc (start -0.465 -0.83) (end -0.4 -3) (angle -84) (layer B.SilkS) (width 0.15))
    (fp_arc (start -3.9 -4.6) (end -3.800001 -6.6) (angle -90) (layer B.SilkS) (width 0.15))
    (fp_arc (start -0.865 -1.23) (end -0.8 -3.4) (angle -84) (layer B.SilkS) (width 1))
    (pad "" np_thru_hole circle (at 2.54 -5.08) (size 3 3) (drill 3) (layers *.Cu *.Mask))
    (pad "" np_thru_hole circle (at -3.81 -2.54) (size 3 3) (drill 3) (layers *.Cu *.Mask))
    (pad 2 smd rect (at 5.842 -5.08 180) (size 2.55 2.5) (layers B.Cu B.Paste B.Mask)
      (net 21 "Net-(D18-Pad2)"))
    (pad "" np_thru_hole circle (at -5.08 0) (size 1.9 1.9) (drill 1.9) (layers *.Cu *.Mask))
    (pad "" np_thru_hole circle (at 5.08 0) (size 1.9 1.9) (drill 1.9) (layers *.Cu *.Mask))
    (pad "" np_thru_hole circle (at 0 0 90) (size 4.1 4.1) (drill 4.1) (layers *.Cu *.Mask))
    (pad 1 smd rect (at -7.085 -2.54 180) (size 2.55 2.5) (layers B.Cu B.Paste B.Mask)
      (net 50 col5))
    (model /Users/foostan/src/github.com/foostan/kbd/kicad-packages3D/kbd.3dshapes/Kailh-CherryMX-Socket.step
      (offset (xyz -1.3 7.6 -3.6))
      (scale (xyz 1 1 1))
      (rotate (xyz 0 0 180))
    )
  )

  (module kbd:CherryMX_Hotswap (layer F.Cu) (tedit 5F70BC32) (tstamp 5FA1C062)
    (at 84.35 88.85)
    (path /5FA241A5)
    (fp_text reference SW22 (at 7.1 8.2) (layer F.SilkS) hide
      (effects (font (size 1 1) (thickness 0.15)))
    )
    (fp_text value SW_PUSH (at -4.8 8.3) (layer F.Fab) hide
      (effects (font (size 1 1) (thickness 0.15)))
    )
    (fp_line (start -7 7) (end -6 7) (layer Dwgs.User) (width 0.15))
    (fp_line (start 7 -7) (end 7 -6) (layer Dwgs.User) (width 0.15))
    (fp_line (start -7 -7) (end -6 -7) (layer Dwgs.User) (width 0.15))
    (fp_line (start 7 7) (end 7 6) (layer Dwgs.User) (width 0.15))
    (fp_line (start 6 7) (end 7 7) (layer Dwgs.User) (width 0.15))
    (fp_line (start -7 6) (end -7 7) (layer Dwgs.User) (width 0.15))
    (fp_line (start 7 -7) (end 6 -7) (layer Dwgs.User) (width 0.15))
    (fp_line (start -7 -6) (end -7 -7) (layer Dwgs.User) (width 0.15))
    (fp_line (start -9.525 9.525) (end -9.525 -9.525) (layer Dwgs.User) (width 0.15))
    (fp_line (start 9.525 9.525) (end -9.525 9.525) (layer Dwgs.User) (width 0.15))
    (fp_line (start 9.525 -9.525) (end 9.525 9.525) (layer Dwgs.User) (width 0.15))
    (fp_line (start -9.525 -9.525) (end 9.525 -9.525) (layer Dwgs.User) (width 0.15))
    (fp_line (start -5.8 -4.05) (end -5.8 -4.7) (layer B.SilkS) (width 0.3))
    (fp_line (start -5.3 -1.6) (end -5.3 -3.399999) (layer B.SilkS) (width 0.8))
    (fp_line (start -4.17 -5.1) (end -4.17 -2.86) (layer B.SilkS) (width 3))
    (fp_line (start 4.2 -3.25) (end 2.9 -3.3) (layer B.SilkS) (width 0.5))
    (fp_line (start 3.9 -6) (end 3.9 -3.5) (layer B.SilkS) (width 1))
    (fp_line (start 2.6 -4.8) (end -4.1 -4.8) (layer B.SilkS) (width 3.5))
    (fp_line (start 4.4 -3) (end 4.4 -6.6) (layer B.SilkS) (width 0.15))
    (fp_line (start 4.38 -4) (end 4.38 -6.25) (layer B.SilkS) (width 0.15))
    (fp_line (start -5.9 -3.95) (end -5.7 -3.95) (layer B.SilkS) (width 0.15))
    (fp_line (start -5.65 -5.55) (end -5.65 -1.1) (layer B.SilkS) (width 0.15))
    (fp_line (start -5.9 -4.7) (end -5.9 -3.95) (layer B.SilkS) (width 0.15))
    (fp_line (start -5.65 -1.1) (end -2.62 -1.1) (layer B.SilkS) (width 0.15))
    (fp_line (start -0.4 -3) (end 4.4 -3) (layer B.SilkS) (width 0.15))
    (fp_line (start 4.4 -6.6) (end -3.800001 -6.6) (layer B.SilkS) (width 0.15))
    (fp_line (start -5.45 -1.3) (end -3 -1.3) (layer B.SilkS) (width 0.5))
    (fp_line (start 4.25 -6.4) (end 3 -6.4) (layer B.SilkS) (width 0.4))
    (fp_arc (start -0.465 -0.83) (end -0.4 -3) (angle -84) (layer B.SilkS) (width 0.15))
    (fp_arc (start -3.9 -4.6) (end -3.800001 -6.6) (angle -90) (layer B.SilkS) (width 0.15))
    (fp_arc (start -0.865 -1.23) (end -0.8 -3.4) (angle -84) (layer B.SilkS) (width 1))
    (pad "" np_thru_hole circle (at 2.54 -5.08) (size 3 3) (drill 3) (layers *.Cu *.Mask))
    (pad "" np_thru_hole circle (at -3.81 -2.54) (size 3 3) (drill 3) (layers *.Cu *.Mask))
    (pad 2 smd rect (at 5.842 -5.08 180) (size 2.55 2.5) (layers B.Cu B.Paste B.Mask)
      (net 25 "Net-(D21-Pad2)"))
    (pad "" np_thru_hole circle (at -5.08 0) (size 1.9 1.9) (drill 1.9) (layers *.Cu *.Mask))
    (pad "" np_thru_hole circle (at 5.08 0) (size 1.9 1.9) (drill 1.9) (layers *.Cu *.Mask))
    (pad "" np_thru_hole circle (at 0 0 90) (size 4.1 4.1) (drill 4.1) (layers *.Cu *.Mask))
    (pad 1 smd rect (at -7.085 -2.54 180) (size 2.55 2.5) (layers B.Cu B.Paste B.Mask)
      (net 47 col2))
    (model /Users/foostan/src/github.com/foostan/kbd/kicad-packages3D/kbd.3dshapes/Kailh-CherryMX-Socket.step
      (offset (xyz -1.3 7.6 -3.6))
      (scale (xyz 1 1 1))
      (rotate (xyz 0 0 180))
    )
  )

  (module kbd:CherryMX_Hotswap (layer F.Cu) (tedit 5F70BC32) (tstamp 5FA1BF12)
    (at 46.25 69.8)
    (path /5FA21D9B)
    (fp_text reference SW14 (at 7.1 8.2) (layer F.SilkS) hide
      (effects (font (size 1 1) (thickness 0.15)))
    )
    (fp_text value SW_PUSH (at -4.8 8.3) (layer F.Fab) hide
      (effects (font (size 1 1) (thickness 0.15)))
    )
    (fp_line (start 4.25 -6.4) (end 3 -6.4) (layer B.SilkS) (width 0.4))
    (fp_line (start -5.45 -1.3) (end -3 -1.3) (layer B.SilkS) (width 0.5))
    (fp_line (start 4.4 -6.6) (end -3.800001 -6.6) (layer B.SilkS) (width 0.15))
    (fp_line (start -0.4 -3) (end 4.4 -3) (layer B.SilkS) (width 0.15))
    (fp_line (start -5.65 -1.1) (end -2.62 -1.1) (layer B.SilkS) (width 0.15))
    (fp_line (start -5.9 -4.7) (end -5.9 -3.95) (layer B.SilkS) (width 0.15))
    (fp_line (start -5.65 -5.55) (end -5.65 -1.1) (layer B.SilkS) (width 0.15))
    (fp_line (start -5.9 -3.95) (end -5.7 -3.95) (layer B.SilkS) (width 0.15))
    (fp_line (start 4.38 -4) (end 4.38 -6.25) (layer B.SilkS) (width 0.15))
    (fp_line (start 4.4 -3) (end 4.4 -6.6) (layer B.SilkS) (width 0.15))
    (fp_line (start 2.6 -4.8) (end -4.1 -4.8) (layer B.SilkS) (width 3.5))
    (fp_line (start 3.9 -6) (end 3.9 -3.5) (layer B.SilkS) (width 1))
    (fp_line (start 4.2 -3.25) (end 2.9 -3.3) (layer B.SilkS) (width 0.5))
    (fp_line (start -4.17 -5.1) (end -4.17 -2.86) (layer B.SilkS) (width 3))
    (fp_line (start -5.3 -1.6) (end -5.3 -3.399999) (layer B.SilkS) (width 0.8))
    (fp_line (start -5.8 -4.05) (end -5.8 -4.7) (layer B.SilkS) (width 0.3))
    (fp_line (start -9.525 -9.525) (end 9.525 -9.525) (layer Dwgs.User) (width 0.15))
    (fp_line (start 9.525 -9.525) (end 9.525 9.525) (layer Dwgs.User) (width 0.15))
    (fp_line (start 9.525 9.525) (end -9.525 9.525) (layer Dwgs.User) (width 0.15))
    (fp_line (start -9.525 9.525) (end -9.525 -9.525) (layer Dwgs.User) (width 0.15))
    (fp_line (start -7 -6) (end -7 -7) (layer Dwgs.User) (width 0.15))
    (fp_line (start 7 -7) (end 6 -7) (layer Dwgs.User) (width 0.15))
    (fp_line (start -7 6) (end -7 7) (layer Dwgs.User) (width 0.15))
    (fp_line (start 6 7) (end 7 7) (layer Dwgs.User) (width 0.15))
    (fp_line (start 7 7) (end 7 6) (layer Dwgs.User) (width 0.15))
    (fp_line (start -7 -7) (end -6 -7) (layer Dwgs.User) (width 0.15))
    (fp_line (start 7 -7) (end 7 -6) (layer Dwgs.User) (width 0.15))
    (fp_line (start -7 7) (end -6 7) (layer Dwgs.User) (width 0.15))
    (fp_arc (start -0.865 -1.23) (end -0.8 -3.4) (angle -84) (layer B.SilkS) (width 1))
    (fp_arc (start -3.9 -4.6) (end -3.800001 -6.6) (angle -90) (layer B.SilkS) (width 0.15))
    (fp_arc (start -0.465 -0.83) (end -0.4 -3) (angle -84) (layer B.SilkS) (width 0.15))
    (pad 1 smd rect (at -7.085 -2.54 180) (size 2.55 2.5) (layers B.Cu B.Paste B.Mask)
      (net 45 col0))
    (pad "" np_thru_hole circle (at 0 0 90) (size 4.1 4.1) (drill 4.1) (layers *.Cu *.Mask))
    (pad "" np_thru_hole circle (at 5.08 0) (size 1.9 1.9) (drill 1.9) (layers *.Cu *.Mask))
    (pad "" np_thru_hole circle (at -5.08 0) (size 1.9 1.9) (drill 1.9) (layers *.Cu *.Mask))
    (pad 2 smd rect (at 5.842 -5.08 180) (size 2.55 2.5) (layers B.Cu B.Paste B.Mask)
      (net 16 "Net-(D13-Pad2)"))
    (pad "" np_thru_hole circle (at -3.81 -2.54) (size 3 3) (drill 3) (layers *.Cu *.Mask))
    (pad "" np_thru_hole circle (at 2.54 -5.08) (size 3 3) (drill 3) (layers *.Cu *.Mask))
    (model /Users/foostan/src/github.com/foostan/kbd/kicad-packages3D/kbd.3dshapes/Kailh-CherryMX-Socket.step
      (offset (xyz -1.3 7.6 -3.6))
      (scale (xyz 1 1 1))
      (rotate (xyz 0 0 180))
    )
  )

  (module kbd:CherryMX_Hotswap (layer F.Cu) (tedit 5F70BC32) (tstamp 5FA1C08C)
    (at 103.4 88.85)
    (path /5FA2419F)
    (fp_text reference SW23 (at 7.1 8.2) (layer F.SilkS) hide
      (effects (font (size 1 1) (thickness 0.15)))
    )
    (fp_text value SW_PUSH (at -4.8 8.3) (layer F.Fab) hide
      (effects (font (size 1 1) (thickness 0.15)))
    )
    (fp_line (start 4.25 -6.4) (end 3 -6.4) (layer B.SilkS) (width 0.4))
    (fp_line (start -5.45 -1.3) (end -3 -1.3) (layer B.SilkS) (width 0.5))
    (fp_line (start 4.4 -6.6) (end -3.800001 -6.6) (layer B.SilkS) (width 0.15))
    (fp_line (start -0.4 -3) (end 4.4 -3) (layer B.SilkS) (width 0.15))
    (fp_line (start -5.65 -1.1) (end -2.62 -1.1) (layer B.SilkS) (width 0.15))
    (fp_line (start -5.9 -4.7) (end -5.9 -3.95) (layer B.SilkS) (width 0.15))
    (fp_line (start -5.65 -5.55) (end -5.65 -1.1) (layer B.SilkS) (width 0.15))
    (fp_line (start -5.9 -3.95) (end -5.7 -3.95) (layer B.SilkS) (width 0.15))
    (fp_line (start 4.38 -4) (end 4.38 -6.25) (layer B.SilkS) (width 0.15))
    (fp_line (start 4.4 -3) (end 4.4 -6.6) (layer B.SilkS) (width 0.15))
    (fp_line (start 2.6 -4.8) (end -4.1 -4.8) (layer B.SilkS) (width 3.5))
    (fp_line (start 3.9 -6) (end 3.9 -3.5) (layer B.SilkS) (width 1))
    (fp_line (start 4.2 -3.25) (end 2.9 -3.3) (layer B.SilkS) (width 0.5))
    (fp_line (start -4.17 -5.1) (end -4.17 -2.86) (layer B.SilkS) (width 3))
    (fp_line (start -5.3 -1.6) (end -5.3 -3.399999) (layer B.SilkS) (width 0.8))
    (fp_line (start -5.8 -4.05) (end -5.8 -4.7) (layer B.SilkS) (width 0.3))
    (fp_line (start -9.525 -9.525) (end 9.525 -9.525) (layer Dwgs.User) (width 0.15))
    (fp_line (start 9.525 -9.525) (end 9.525 9.525) (layer Dwgs.User) (width 0.15))
    (fp_line (start 9.525 9.525) (end -9.525 9.525) (layer Dwgs.User) (width 0.15))
    (fp_line (start -9.525 9.525) (end -9.525 -9.525) (layer Dwgs.User) (width 0.15))
    (fp_line (start -7 -6) (end -7 -7) (layer Dwgs.User) (width 0.15))
    (fp_line (start 7 -7) (end 6 -7) (layer Dwgs.User) (width 0.15))
    (fp_line (start -7 6) (end -7 7) (layer Dwgs.User) (width 0.15))
    (fp_line (start 6 7) (end 7 7) (layer Dwgs.User) (width 0.15))
    (fp_line (start 7 7) (end 7 6) (layer Dwgs.User) (width 0.15))
    (fp_line (start -7 -7) (end -6 -7) (layer Dwgs.User) (width 0.15))
    (fp_line (start 7 -7) (end 7 -6) (layer Dwgs.User) (width 0.15))
    (fp_line (start -7 7) (end -6 7) (layer Dwgs.User) (width 0.15))
    (fp_arc (start -0.865 -1.23) (end -0.8 -3.4) (angle -84) (layer B.SilkS) (width 1))
    (fp_arc (start -3.9 -4.6) (end -3.800001 -6.6) (angle -90) (layer B.SilkS) (width 0.15))
    (fp_arc (start -0.465 -0.83) (end -0.4 -3) (angle -84) (layer B.SilkS) (width 0.15))
    (pad 1 smd rect (at -7.085 -2.54 180) (size 2.55 2.5) (layers B.Cu B.Paste B.Mask)
      (net 48 col3))
    (pad "" np_thru_hole circle (at 0 0 90) (size 4.1 4.1) (drill 4.1) (layers *.Cu *.Mask))
    (pad "" np_thru_hole circle (at 5.08 0) (size 1.9 1.9) (drill 1.9) (layers *.Cu *.Mask))
    (pad "" np_thru_hole circle (at -5.08 0) (size 1.9 1.9) (drill 1.9) (layers *.Cu *.Mask))
    (pad 2 smd rect (at 5.842 -5.08 180) (size 2.55 2.5) (layers B.Cu B.Paste B.Mask)
      (net 26 "Net-(D22-Pad2)"))
    (pad "" np_thru_hole circle (at -3.81 -2.54) (size 3 3) (drill 3) (layers *.Cu *.Mask))
    (pad "" np_thru_hole circle (at 2.54 -5.08) (size 3 3) (drill 3) (layers *.Cu *.Mask))
    (model /Users/foostan/src/github.com/foostan/kbd/kicad-packages3D/kbd.3dshapes/Kailh-CherryMX-Socket.step
      (offset (xyz -1.3 7.6 -3.6))
      (scale (xyz 1 1 1))
      (rotate (xyz 0 0 180))
    )
  )

  (module kbd:CherryMX_Hotswap (layer F.Cu) (tedit 5F70BC32) (tstamp 5FA1BE40)
    (at 65.3 50.75)
    (path /5FA21421)
    (fp_text reference SW9 (at 7.1 8.2) (layer F.SilkS) hide
      (effects (font (size 1 1) (thickness 0.15)))
    )
    (fp_text value SW_PUSH (at -4.8 8.3) (layer F.Fab) hide
      (effects (font (size 1 1) (thickness 0.15)))
    )
    (fp_line (start 4.25 -6.4) (end 3 -6.4) (layer B.SilkS) (width 0.4))
    (fp_line (start -5.45 -1.3) (end -3 -1.3) (layer B.SilkS) (width 0.5))
    (fp_line (start 4.4 -6.6) (end -3.800001 -6.6) (layer B.SilkS) (width 0.15))
    (fp_line (start -0.4 -3) (end 4.4 -3) (layer B.SilkS) (width 0.15))
    (fp_line (start -5.65 -1.1) (end -2.62 -1.1) (layer B.SilkS) (width 0.15))
    (fp_line (start -5.9 -4.7) (end -5.9 -3.95) (layer B.SilkS) (width 0.15))
    (fp_line (start -5.65 -5.55) (end -5.65 -1.1) (layer B.SilkS) (width 0.15))
    (fp_line (start -5.9 -3.95) (end -5.7 -3.95) (layer B.SilkS) (width 0.15))
    (fp_line (start 4.38 -4) (end 4.38 -6.25) (layer B.SilkS) (width 0.15))
    (fp_line (start 4.4 -3) (end 4.4 -6.6) (layer B.SilkS) (width 0.15))
    (fp_line (start 2.6 -4.8) (end -4.1 -4.8) (layer B.SilkS) (width 3.5))
    (fp_line (start 3.9 -6) (end 3.9 -3.5) (layer B.SilkS) (width 1))
    (fp_line (start 4.2 -3.25) (end 2.9 -3.3) (layer B.SilkS) (width 0.5))
    (fp_line (start -4.17 -5.1) (end -4.17 -2.86) (layer B.SilkS) (width 3))
    (fp_line (start -5.3 -1.6) (end -5.3 -3.399999) (layer B.SilkS) (width 0.8))
    (fp_line (start -5.8 -4.05) (end -5.8 -4.7) (layer B.SilkS) (width 0.3))
    (fp_line (start -9.525 -9.525) (end 9.525 -9.525) (layer Dwgs.User) (width 0.15))
    (fp_line (start 9.525 -9.525) (end 9.525 9.525) (layer Dwgs.User) (width 0.15))
    (fp_line (start 9.525 9.525) (end -9.525 9.525) (layer Dwgs.User) (width 0.15))
    (fp_line (start -9.525 9.525) (end -9.525 -9.525) (layer Dwgs.User) (width 0.15))
    (fp_line (start -7 -6) (end -7 -7) (layer Dwgs.User) (width 0.15))
    (fp_line (start 7 -7) (end 6 -7) (layer Dwgs.User) (width 0.15))
    (fp_line (start -7 6) (end -7 7) (layer Dwgs.User) (width 0.15))
    (fp_line (start 6 7) (end 7 7) (layer Dwgs.User) (width 0.15))
    (fp_line (start 7 7) (end 7 6) (layer Dwgs.User) (width 0.15))
    (fp_line (start -7 -7) (end -6 -7) (layer Dwgs.User) (width 0.15))
    (fp_line (start 7 -7) (end 7 -6) (layer Dwgs.User) (width 0.15))
    (fp_line (start -7 7) (end -6 7) (layer Dwgs.User) (width 0.15))
    (fp_arc (start -0.865 -1.23) (end -0.8 -3.4) (angle -84) (layer B.SilkS) (width 1))
    (fp_arc (start -3.9 -4.6) (end -3.800001 -6.6) (angle -90) (layer B.SilkS) (width 0.15))
    (fp_arc (start -0.465 -0.83) (end -0.4 -3) (angle -84) (layer B.SilkS) (width 0.15))
    (pad 1 smd rect (at -7.085 -2.54 180) (size 2.55 2.5) (layers B.Cu B.Paste B.Mask)
      (net 46 col1))
    (pad "" np_thru_hole circle (at 0 0 90) (size 4.1 4.1) (drill 4.1) (layers *.Cu *.Mask))
    (pad "" np_thru_hole circle (at 5.08 0) (size 1.9 1.9) (drill 1.9) (layers *.Cu *.Mask))
    (pad "" np_thru_hole circle (at -5.08 0) (size 1.9 1.9) (drill 1.9) (layers *.Cu *.Mask))
    (pad 2 smd rect (at 5.842 -5.08 180) (size 2.55 2.5) (layers B.Cu B.Paste B.Mask)
      (net 10 "Net-(D8-Pad2)"))
    (pad "" np_thru_hole circle (at -3.81 -2.54) (size 3 3) (drill 3) (layers *.Cu *.Mask))
    (pad "" np_thru_hole circle (at 2.54 -5.08) (size 3 3) (drill 3) (layers *.Cu *.Mask))
    (model /Users/foostan/src/github.com/foostan/kbd/kicad-packages3D/kbd.3dshapes/Kailh-CherryMX-Socket.step
      (offset (xyz -1.3 7.6 -3.6))
      (scale (xyz 1 1 1))
      (rotate (xyz 0 0 180))
    )
  )

  (module kbd:CherryMX_Hotswap (layer F.Cu) (tedit 5F70BC32) (tstamp 5FA1C0B6)
    (at 122.45 88.85)
    (path /5FA24199)
    (fp_text reference SW24 (at 7.1 8.2) (layer F.SilkS) hide
      (effects (font (size 1 1) (thickness 0.15)))
    )
    (fp_text value SW_PUSH (at -4.8 8.3) (layer F.Fab) hide
      (effects (font (size 1 1) (thickness 0.15)))
    )
    (fp_line (start -7 7) (end -6 7) (layer Dwgs.User) (width 0.15))
    (fp_line (start 7 -7) (end 7 -6) (layer Dwgs.User) (width 0.15))
    (fp_line (start -7 -7) (end -6 -7) (layer Dwgs.User) (width 0.15))
    (fp_line (start 7 7) (end 7 6) (layer Dwgs.User) (width 0.15))
    (fp_line (start 6 7) (end 7 7) (layer Dwgs.User) (width 0.15))
    (fp_line (start -7 6) (end -7 7) (layer Dwgs.User) (width 0.15))
    (fp_line (start 7 -7) (end 6 -7) (layer Dwgs.User) (width 0.15))
    (fp_line (start -7 -6) (end -7 -7) (layer Dwgs.User) (width 0.15))
    (fp_line (start -9.525 9.525) (end -9.525 -9.525) (layer Dwgs.User) (width 0.15))
    (fp_line (start 9.525 9.525) (end -9.525 9.525) (layer Dwgs.User) (width 0.15))
    (fp_line (start 9.525 -9.525) (end 9.525 9.525) (layer Dwgs.User) (width 0.15))
    (fp_line (start -9.525 -9.525) (end 9.525 -9.525) (layer Dwgs.User) (width 0.15))
    (fp_line (start -5.8 -4.05) (end -5.8 -4.7) (layer B.SilkS) (width 0.3))
    (fp_line (start -5.3 -1.6) (end -5.3 -3.399999) (layer B.SilkS) (width 0.8))
    (fp_line (start -4.17 -5.1) (end -4.17 -2.86) (layer B.SilkS) (width 3))
    (fp_line (start 4.2 -3.25) (end 2.9 -3.3) (layer B.SilkS) (width 0.5))
    (fp_line (start 3.9 -6) (end 3.9 -3.5) (layer B.SilkS) (width 1))
    (fp_line (start 2.6 -4.8) (end -4.1 -4.8) (layer B.SilkS) (width 3.5))
    (fp_line (start 4.4 -3) (end 4.4 -6.6) (layer B.SilkS) (width 0.15))
    (fp_line (start 4.38 -4) (end 4.38 -6.25) (layer B.SilkS) (width 0.15))
    (fp_line (start -5.9 -3.95) (end -5.7 -3.95) (layer B.SilkS) (width 0.15))
    (fp_line (start -5.65 -5.55) (end -5.65 -1.1) (layer B.SilkS) (width 0.15))
    (fp_line (start -5.9 -4.7) (end -5.9 -3.95) (layer B.SilkS) (width 0.15))
    (fp_line (start -5.65 -1.1) (end -2.62 -1.1) (layer B.SilkS) (width 0.15))
    (fp_line (start -0.4 -3) (end 4.4 -3) (layer B.SilkS) (width 0.15))
    (fp_line (start 4.4 -6.6) (end -3.800001 -6.6) (layer B.SilkS) (width 0.15))
    (fp_line (start -5.45 -1.3) (end -3 -1.3) (layer B.SilkS) (width 0.5))
    (fp_line (start 4.25 -6.4) (end 3 -6.4) (layer B.SilkS) (width 0.4))
    (fp_arc (start -0.465 -0.83) (end -0.4 -3) (angle -84) (layer B.SilkS) (width 0.15))
    (fp_arc (start -3.9 -4.6) (end -3.800001 -6.6) (angle -90) (layer B.SilkS) (width 0.15))
    (fp_arc (start -0.865 -1.23) (end -0.8 -3.4) (angle -84) (layer B.SilkS) (width 1))
    (pad "" np_thru_hole circle (at 2.54 -5.08) (size 3 3) (drill 3) (layers *.Cu *.Mask))
    (pad "" np_thru_hole circle (at -3.81 -2.54) (size 3 3) (drill 3) (layers *.Cu *.Mask))
    (pad 2 smd rect (at 5.842 -5.08 180) (size 2.55 2.5) (layers B.Cu B.Paste B.Mask)
      (net 27 "Net-(D23-Pad2)"))
    (pad "" np_thru_hole circle (at -5.08 0) (size 1.9 1.9) (drill 1.9) (layers *.Cu *.Mask))
    (pad "" np_thru_hole circle (at 5.08 0) (size 1.9 1.9) (drill 1.9) (layers *.Cu *.Mask))
    (pad "" np_thru_hole circle (at 0 0 90) (size 4.1 4.1) (drill 4.1) (layers *.Cu *.Mask))
    (pad 1 smd rect (at -7.085 -2.54 180) (size 2.55 2.5) (layers B.Cu B.Paste B.Mask)
      (net 49 col4))
    (model /Users/foostan/src/github.com/foostan/kbd/kicad-packages3D/kbd.3dshapes/Kailh-CherryMX-Socket.step
      (offset (xyz -1.3 7.6 -3.6))
      (scale (xyz 1 1 1))
      (rotate (xyz 0 0 180))
    )
  )

  (module kbd:CherryMX_Hotswap (layer F.Cu) (tedit 5F70BC32) (tstamp 5FA1C0E0)
    (at 141.5 88.85)
    (path /5FA24193)
    (fp_text reference SW25 (at 7.1 8.2) (layer F.SilkS) hide
      (effects (font (size 1 1) (thickness 0.15)))
    )
    (fp_text value SW_PUSH (at -4.8 8.3) (layer F.Fab) hide
      (effects (font (size 1 1) (thickness 0.15)))
    )
    (fp_line (start 4.25 -6.4) (end 3 -6.4) (layer B.SilkS) (width 0.4))
    (fp_line (start -5.45 -1.3) (end -3 -1.3) (layer B.SilkS) (width 0.5))
    (fp_line (start 4.4 -6.6) (end -3.800001 -6.6) (layer B.SilkS) (width 0.15))
    (fp_line (start -0.4 -3) (end 4.4 -3) (layer B.SilkS) (width 0.15))
    (fp_line (start -5.65 -1.1) (end -2.62 -1.1) (layer B.SilkS) (width 0.15))
    (fp_line (start -5.9 -4.7) (end -5.9 -3.95) (layer B.SilkS) (width 0.15))
    (fp_line (start -5.65 -5.55) (end -5.65 -1.1) (layer B.SilkS) (width 0.15))
    (fp_line (start -5.9 -3.95) (end -5.7 -3.95) (layer B.SilkS) (width 0.15))
    (fp_line (start 4.38 -4) (end 4.38 -6.25) (layer B.SilkS) (width 0.15))
    (fp_line (start 4.4 -3) (end 4.4 -6.6) (layer B.SilkS) (width 0.15))
    (fp_line (start 2.6 -4.8) (end -4.1 -4.8) (layer B.SilkS) (width 3.5))
    (fp_line (start 3.9 -6) (end 3.9 -3.5) (layer B.SilkS) (width 1))
    (fp_line (start 4.2 -3.25) (end 2.9 -3.3) (layer B.SilkS) (width 0.5))
    (fp_line (start -4.17 -5.1) (end -4.17 -2.86) (layer B.SilkS) (width 3))
    (fp_line (start -5.3 -1.6) (end -5.3 -3.399999) (layer B.SilkS) (width 0.8))
    (fp_line (start -5.8 -4.05) (end -5.8 -4.7) (layer B.SilkS) (width 0.3))
    (fp_line (start -9.525 -9.525) (end 9.525 -9.525) (layer Dwgs.User) (width 0.15))
